6365667368428024299
14365559621722042361
4628453139855413304
9355765131690285112
12847658520685100791
11621633550656208377
7670760561701706509
18308976339971021572
17856083696272023849
3110784500365967416
5135726255468059239
5793610739872135126
1689523060870346427
16422899447715603209
10338564869242429978
8012764299177363136
1079066886462271541
3218371306805833156
14229096253322129396
14542728836246480538
3210902719188886411
10715419716325438415
10558167564270887484
10616883397939785729
5488573590381405782
1603689735568617076
17823163015731271716
10106889681481385796
12314097606683798909
9481814670430433166
15547062073226391989
0
